Haplotype	4-mer	7-mer	10-mer	11-mer	15-mer	Other HOR	Non HOR	Cluster	Population	Contig_len
CHM1.pat	413337	34585	54583	1342657	0	14497	9720	6	EUR	1869378
CHM13.pat	234570	7150	5118	710530	2561	27808	24561	7	EUR	1012297
CPC_P1_2.mat	369862	32208	46062	1041648	0	3753	7452	1	EAS	1500984
CPC_P1_23.mat	187656	10726	6824	553367	12803	24050	28654	7	EAS	824079
CPC_P1_5.pat	318884	25049	58004	803193	5128	6480	5104	1	EAS	1221841
CPC_P1_50.mat	307243	39353	69935	1041444	2561	10918	7285	6	EAS	1478738
CPC_P1_51.mat	485417	32187	71636	1539722	0	21492	13645	6	EAS	2164098
CPC_P1_52.pat	278073	25046	29003	737508	5128	6992	7661	1	EAS	1089410
CPC_P1_55.mat	277413	20274	39237	763834	0	7850	14469	1	EAS	1123076
CPC_P1_9.pat	471822	26227	71648	1571551	0	24223	15693	6	EAS	2181163
HG00096.mat	369831	26230	78443	1292292	0	27294	128993	6	EUR	1923082
HG00096.pat	354192	15490	56290	1195339	2561	20463	7156	6	EUR	1651490
HG00171.mat	236600	9536	10236	769087	15366	22857	59209	7	EUR	1122890
HG00171.pat	252898	29797	46058	794852	0	19281	5620	6	EUR	1148505
HG002.mat	248167	7152	20472	825419	33293	21322	79168	7	EUR	1234992
HG002.pat	294378	25051	44356	756280	0	6308	5962	1	EUR	1132334
HG00268.mat	134616	16689	46038	556824	40973	11265	19818	7	EUR	826222
HG00268.pat	324985	44134	68240	799421	0	6824	10217	1	EUR	1253820
HG00358.mat	259714	13110	1706	767314	2561	19437	51532	7	EUR	1115373
HG00358.pat	454224	17883	34120	1810450	151054	18246	16701	7	EUR	2502677
HG00512.mat	446664	46496	90413	1370802	2561	21141	7496	6	EAS	1985572
HG00512.pat	452768	40535	81876	1521097	0	16203	5620	6	EAS	2118098
HG00513.mat	235924	14304	5118	699539	15360	31387	33477	7	EAS	1035108
HG00513.pat	166563	10726	5118	506455	10242	23032	24369	7	EAS	746504
HG00731.mat	107416	8344	1706	320900	0	4612	69424	7	AMR	512401
HG00731.pat	372582	22666	75061	923293	0	12106	11075	1	AMR	1416782
HG00732.mat	105376	8344	1706	311515	0	4612	69424	7	AMR	500976
HG00732.pat	92456	9534	1706	273958	0	5271	63122	7	AMR	446046
HG00741.mat	261083	3576	11942	827352	12805	23716	63305	7	AMR	1203778
HG00741.pat	415433	28618	39230	1292437	66527	39179	5457	2	AMR	1886880
HG00864.mat	248856	13110	0	782209	5122	13651	135140	7	EAS	1198087
HG00864.pat	346072	23856	42650	904590	10250	5458	7021	1	EAS	1339896
HG01099.mat	520087	33388	86998	1791099	0	14330	17906	6	AMR	2463807
HG01114.mat	323586	27424	61411	1076199	0	10405	11763	6	AMR	1510787
HG01114.pat	420792	51267	57995	1376402	0	18597	12099	6	AMR	1937151
HG01175.pat	237969	5961	13648	771050	12805	19787	59210	7	AMR	1120429
HG01243.mat	248795	21459	40937	1299692	0	22993	13704	5	AMR	1647579
HG01258.pat	414057	22661	52877	1254608	0	19598	9716	6	AMR	1773516
HG01352.mat	365807	21467	81888	975970	0	8700	24517	1	AMR	1478348
HG01352.pat	348728	34572	27296	1142459	0	6651	22003	6	AMR	1581708
HG01358.mat	298476	32199	35814	941597	40953	43104	16967	2	AMR	1409109
HG01358.pat	280788	26241	30708	722507	2556	5626	6947	1	AMR	1075372
HG01361.pat	496291	34576	68224	1567754	2561	35653	8319	6	AMR	2213377
HG01457.mat	459628	14292	66534	1468467	0	8872	5106	6	AMR	2022898
HG01457.pat	311411	15476	29002	1347084	87048	54917	14108	7	AMR	1859045
HG01505.mat	475217	34580	68221	1545176	2561	32391	8976	6	EUR	2167121
HG01505.pat	267866	20275	35826	741272	0	5456	7661	1	EUR	1078355
HG01573.mat	297812	19081	49475	823897	0	5631	16342	1	AMR	1212237
HG01573.pat	388916	33385	69924	1286826	58857	39022	10514	2	AMR	1887443
HG01596.mat	276722	27438	32414	733766	5128	3412	4594	1	EAS	1083473
HG01596.pat	492893	40539	51176	1582731	0	15348	7667	6	EAS	2190353
HG01890.mat	635047	8342	1706	1941635	2553	20788	7155	5	AFR	2617225
HG01890.pat	148749	91765	15354	472134	0	6990	5621	4	AFR	740612
HG01891.mat	205332	9536	8530	669592	2561	10732	50898	7	AFR	957180
HG01978.pat	389602	21467	85300	1041606	0	5972	25026	1	AMR	1568972
HG02004.mat	382809	23853	71651	1037926	0	11432	27580	1	AMR	1555250
HG02004.pat	473261	23841	104066	2003551	217649	61751	14108	7	AMR	2898226
HG02011.mat	152834	91760	15354	483310	0	6994	5621	4	AFR	755872
HG02011.pat	273966	21452	44350	1143517	10244	17213	20988	7	AFR	1531729
HG02018.mat	399095	29802	93825	1250940	2561	24874	13812	6	EAS	1814908
HG02018.pat	319576	25050	56298	906496	2561	4097	18215	1	EAS	1332292
HG02055.pat	154198	83425	13648	492719	0	9209	5621	4	AFR	758819
HG02059.mat	294399	31017	35826	769402	5128	3412	3234	1	EAS	1142417
HG02059.pat	387486	44095	81884	1275739	0	22004	12272	6	EAS	1823479
HG02071.mat	484781	28607	49450	1872412	163879	71229	25195	7	EAS	2695552
HG02080.mat	526171	62000	129647	1764724	0	23519	14828	6	EAS	2520888
HG02106.mat	490224	14294	69942	1590313	0	15525	5109	6	AMR	2185406
HG02106.pat	382794	32199	59692	1223062	74216	37139	6712	2	AMR	1815813
HG02282.mat	248863	14301	35819	890694	23049	27428	28808	7	AFR	1268961
HG02282.pat	402439	50064	28994	1197230	7683	16205	26613	6	AFR	1729227
HG02300.mat	330447	27432	68240	889541	0	5972	12596	1	AMR	1334227
HG02486.mat	405915	17869	63119	1249466	12771	12940	4774	5	AFR	1766853
HG02492.mat	256914	52440	158632	1009380	2560	39417	19926	6	SAS	1539268
HG02492.pat	849303	23841	76749	3390630	325210	80344	16485	7	SAS	4762561
HG02554.mat	300534	9538	30708	1164036	94752	48950	18120	7	AFR	1666637
HG02554.pat	828895	19070	3411	2278006	15365	428823	31750	3	AFR	3605319
HG02587.mat	832291	20263	1706	2259229	10242	455767	16338	3	AFR	3595835
HG02587.pat	481399	8349	139890	1206499	7681	4435	10068	5	AFR	1858320
HG02630.mat	284895	14307	47768	1102013	76828	42810	18114	7	AFR	1586734
HG02630.pat	139977	66732	10236	387770	0	8529	6808	4	AFR	620051
HG02647.mat	254900	21452	107490	953254	0	13968	9307	5	AFR	1360370
HG02647.pat	571839	8346	213246	1375365	5121	8358	11772	5	AFR	2194046
HG02666.pat	241388	3577	6824	688525	2560	18248	7843	5	AFR	968964
HG02769.mat	390286	11930	56297	1710883	25584	73169	26747	7	AFR	2294895
HG02818.mat	407973	14324	76767	2094603	25584	79309	19596	7	AFR	2718155
HG02818.pat	238668	3577	6824	681020	2560	20466	7843	5	AFR	960957
HG02953.mat	136654	3576	18762	506530	0	17372	3235	5	AFR	686128
HG02953.pat	158265	85811	11942	485207	0	9209	8157	4	AFR	758590
HG03009.mat	604994	23853	56287	1986553	2561	28145	18247	6	SAS	2720639
HG03009.pat	433111	22651	61410	1330049	89578	59638	11691	2	SAS	2008127
HG03065.mat	493634	20259	114244	1802166	133170	79509	58267	7	AFR	2701248
HG03065.pat	280114	10736	46062	769461	10257	2730	5106	1	AFR	1124465
HG03248.mat	231861	4771	0	707029	2561	40190	39365	7	AFR	1025776
HG03248.pat	233881	5964	0	720191	0	15849	56976	7	AFR	1032860
HG03371.mat	171308	1192	30707	497340	2564	2898	7726	1	AFR	713734
HG03371.pat	157603	86995	11941	524603	0	8185	5627	4	AFR	794953
HG03452.mat	460321	0	129655	1112548	17923	37873	5621	5	AFR	1763940
HG03452.pat	578655	4770	0	1621545	0	25185	11915	5	AFR	2242069
HG03456.mat	224354	20265	0	887767	30730	12800	18251	7	AFR	1194166
HG03456.pat	281499	13114	44356	1092841	94750	47415	18114	7	AFR	1592088
HG03486.mat	189689	1192	54592	519761	0	3414	7662	1	AFR	776309
HG03520.mat	361682	19079	0	1200479	2559	26065	18834	5	AFR	1628697
HG03520.pat	258262	27421	52874	1348447	2554	24194	11410	5	AFR	1725161
HG03710.mat	493571	39354	83587	1626282	0	22515	16181	6	SAS	2281489
HG03732.mat	395740	17886	54586	1187437	81893	29817	6083	2	SAS	1773441
HG03732.pat	443341	13114	17060	1669658	122905	81666	18713	7	SAS	2366456
HG03807.mat	231164	11918	5118	696062	2561	8704	38888	7	SAS	994414
HG03807.pat	496992	38159	75064	1545460	0	14830	11763	6	SAS	2182267
HG04036.mat	458883	40539	61407	1432938	0	15356	11180	6	SAS	2020302
HG04036.pat	484111	23848	49471	1363856	158690	43434	6709	2	SAS	2130118
HG04217.mat	388935	16693	51174	1166802	81893	36981	8639	2	SAS	1751116
HG04217.pat	324311	48906	58004	818177	0	9553	7660	1	SAS	1266610
HG04228.mat	317515	35777	23875	1056015	56308	49242	11684	2	SAS	1550415
NA12329.mat	247440	33372	42647	723855	0	5800	5617	6	EUR	1058730
NA12329.pat	346060	22657	61407	1140720	0	15527	15856	6	EUR	1602226
NA18534.mat	397740	44141	59710	1054657	0	5458	11714	1	EAS	1573419
NA18534.pat	546671	29797	59683	2220767	204851	72042	20890	7	EAS	3154700
NA18906.mat	153510	83427	11942	492736	0	6992	5621	4	AFR	754227
NA18939.mat	216888	23856	8530	632399	2560	4776	5104	1	EAS	894112
NA18939.pat	271956	3576	73358	677546	0	3412	805858	1	EAS	1835705
NA18989.mat	409274	41725	35815	1125505	99822	41943	10346	2	EAS	1764429
NA18989.pat	476626	25028	56294	1896806	169020	64580	18033	7	EAS	2706386
NA19036.mat	263817	4771	0	808456	2561	30682	55278	7	AFR	1165564
NA19036.pat	231189	1193	6824	666011	0	23534	12955	5	AFR	941705
NA19129.mat	372606	11929	0	1134481	0	37527	72490	7	AFR	1629032
NA19129.pat	382718	58401	30699	1135336	5122	12455	19951	6	AFR	1644681
NA19238.mat	258377	17880	69933	958288	23049	31353	34920	7	AFR	1393799
NA19238.pat	536487	13106	3411	1941934	7681	131589	22811	3	AFR	2657018
NA19239.mat	259738	15494	40935	930160	20488	31353	39012	7	AFR	1337179
NA19239.pat	301896	14302	56298	1231589	107556	44174	18843	7	AFR	1774657
NA19317.mat	407882	45307	44351	1270064	0	16716	14320	6	AFR	1798639
NA19317.pat	222332	3577	0	690275	0	11432	72153	7	AFR	999768
NA19347.mat	186267	1192	34120	512365	2564	2047	5106	1	AFR	743660
NA19347.pat	320929	11918	49474	1298929	140847	42809	16329	7	AFR	1881234
NA19384.mat	222977	10730	18765	632469	0	10898	7660	1	AFR	903498
NA19384.pat	190922	79863	6824	586233	0	8867	8180	4	AFR	880888
NA19434.mat	356257	40534	69922	1115898	0	9719	7326	6	AFR	1599655
NA19434.pat	163868	1193	11942	489657	0	15180	84253	5	AFR	766092
NA19650.mat	239320	1192	46062	621218	0	6134	3234	1	AMR	917159
NA19650.pat	134536	51252	95528	519367	0	11769	6978	6	AMR	819429
NA19705.mat	303935	3578	0	920796	2561	24683	70117	7	AFR	1325669
NA19705.pat	167250	21447	0	589078	15316	13956	4774	5	AFR	811820
NA19836.mat	392223	60789	32406	1140963	10244	14161	19963	6	AFR	1670748
NA19836.pat	267203	14306	22176	823226	0	51307	34533	7	AFR	1212750
NA19983.mat	160990	92955	17060	513253	0	9893	5620	4	AFR	799770
NA19983.pat	175826	158488	15354	477826	0	5118	10902	4	AFR	843513
NA20355.mat	260303	48868	54587	849790	0	8357	9716	6	AFR	1231620
NA20355.pat	378680	21465	0	1284916	2559	27087	23947	5	AFR	1738653
NA20509.mat	199887	8344	5118	630407	5122	15336	55431	7	EUR	919644
NA20509.pat	487413	35769	10236	1504047	0	27460	11940	6	EUR	2076864
NA20847.mat	511919	42923	69943	1607283	0	19273	7667	6	SAS	2259007
NA20847.pat	403884	36953	85288	1520004	53780	50632	30776	7	SAS	2181316
NA21487.mat	254301	16684	37517	888882	20488	24533	27078	7	AFR	1269482
