Haplotype	7-mer	8-mer	11-mer	10-mer	Other HOR	Non HOR	Cluster	Population	Contig_len
CHM1.pat	636114	728155	1158251	0	54827	30239	2	EUR	2607585
CHM13.pat	768238	789151	487636	0	20936	41940	1	EUR	2107900
CPC_P1_1.pat	818337	878643	560477	3412	36911	39813	1	EAS	2337592
CPC_P1_13.pat	661005	947728	891015	0	138449	36852	4	EAS	2675048
CPC_P1_18.mat	578590	797295	465196	0	30612	40864	1	EAS	1912556
CPC_P1_20.pat	776570	842018	508195	1694	35395	38017	1	EAS	2201888
CPC_P1_21.mat	827871	846098	493218	3412	25352	40800	1	EAS	2236750
CPC_P1_25.mat	911399	869170	448408	3412	30291	34742	1	EAS	2297421
CPC_P1_25.pat	1021135	972211	459598	5118	29781	38706	1	EAS	2526548
CPC_P1_28.pat	723040	984337	1423337	0	240494	37587	4	EAS	3408794
CPC_P1_29.mat	1011611	1010176	646434	1706	27212	53375	1	EAS	2750513
CPC_P1_29.pat	409195	734920	427863	0	16834	42676	1	EAS	1631487
CPC_P1_32.pat	821921	875946	429729	8512	16481	36724	1	EAS	2189312
CPC_P1_33.pat	716960	827114	437202	0	32339	38016	1	EAS	2051630
CPC_P1_35.pat	503494	744320	915314	0	124190	36853	4	EAS	2324170
CPC_P1_38.mat	597626	444744	452150	1706	20408	45544	1	EAS	1562177
CPC_P1_4.mat	520172	814863	997492	0	113323	35058	4	EAS	2480907
CPC_P1_4.pat	349566	531492	765911	0	86354	36852	4	EAS	1770174
CPC_P1_5.mat	87083	103049	242903	0	676	39052	1	EAS	472762
CPC_P1_51.mat	53678	69151	229827	0	1019	39053	1	EAS	392727
CPC_P1_52.mat	489170	726704	945197	0	125203	36860	4	EAS	2323133
CPC_P1_52.pat	874377	809499	409169	3412	26520	36723	1	EAS	2159699
CPC_P1_53.mat	814753	837949	480176	0	25519	36036	1	EAS	2194432
CPC_P1_53.pat	337637	561357	381140	0	14098	37861	1	EAS	1332092
CPC_P1_54.mat	1030658	820362	584770	6824	29256	38535	1	EAS	2510404
CPC_P1_55.pat	606068	882718	932136	0	140983	38655	4	EAS	2600559
CPC_P1_57.mat	805230	776952	603457	1706	24668	44328	1	EAS	2256340
CPC_P1_6.mat	194459	216946	439077	0	2883	40346	1	EAS	893710
CPC_P1_7.pat	770625	805413	470833	1706	24998	38016	1	EAS	2111590
CPC_P1_8.pat	775399	756613	622147	1706	28935	40650	1	EAS	2225449
CPC_P1_9.mat	936444	880012	401679	5105	23139	34742	1	EAS	2281120
CPC_P1_9.pat	802841	793214	478297	1706	20575	36205	1	EAS	2132837
HG00096.mat	850560	875944	558643	5118	25341	45719	1	EUR	2361324
HG00096.pat	689570	1143009	1027348	0	144325	35058	4	EUR	3039309
HG00171.mat	771755	611526	773496	1706	20218	40863	1	EUR	2219563
HG00171.pat	862490	892221	581067	3412	23455	45354	1	EUR	2407998
HG002.mat	738743	839317	1165737	1693	61296	30239	2	EUR	2837024
HG002.pat	677780	798640	1120885	0	63152	30581	2	EUR	2691037
HG00268.mat	848150	813559	536207	1706	21433	40737	1	EUR	2261791
HG00268.pat	768246	816260	663277	3412	17839	40863	1	EUR	2309896
HG00358.mat	863657	824422	496985	3412	24313	41763	1	EUR	2254551
HG00358.pat	579782	961271	904111	0	135842	36852	4	EUR	2617857
HG00438.mat	526159	772813	1003116	3384	126065	38892	4	EAS	2470428
HG00438.pat	363955	484033	833187	0	56328	33299	2	EAS	1770801
HG005.mat	559459	421694	457747	3403	20072	44828	1	EAS	1507202
HG00512.mat	1048538	897650	582965	0	31820	101416	1	EAS	2662388
HG00513.mat	976973	709155	556756	10228	23139	37713	1	EAS	2313963
HG00513.pat	583316	455593	440916	5092	29080	40516	1	EAS	1554512
HG00621.mat	928101	827132	491373	3412	30283	34743	1	EAS	2315043
HG00731.mat	887530	858309	524999	1706	20916	34745	1	AMR	2328204
HG00731.pat	804021	805435	463349	3412	14960	40751	1	AMR	2131927
HG00732.mat	784961	741703	465212	1706	25010	40129	1	AMR	2058720
HG00732.pat	917330	818992	642695	0	27056	45946	1	AMR	2452018
HG00735.pat	885134	809511	468944	3412	16659	43193	1	AMR	2226852
HG00741.mat	863667	837981	603483	5118	21928	38051	1	AMR	2370227
HG00741.pat	1327890	1979590	1744817	1694	40252	51992	6	AMR	5146234
HG00864.mat	530934	806711	1027399	3384	130813	38893	4	EAS	2538133
HG00864.pat	607177	452879	472699	1706	20408	52897	1	EAS	1607765
HG01071.pat	622775	1075181	941443	0	123446	38210	4	AMR	2801054
HG01099.pat	414015	637230	842461	0	105173	37048	4	AMR	2035926
HG01106.mat	737252	675257	450280	0	28925	36035	1	AMR	1927748
HG01114.mat	905438	756618	388620	3412	29413	36554	1	AMR	2120054
HG01114.pat	713354	429851	511902	3412	18198	42582	4	AMR	1719298
HG01123.pat	445052	652100	1025512	0	149603	36553	4	AMR	2308819
HG01243.mat	755303	1005183	545435	93105	65823	48402	3	AMR	2513250
HG01243.pat	809993	885444	491341	1706	22966	38535	1	AMR	2249984
HG01352.mat	695709	827090	948985	0	43939	1872	2	AMR	2517594
HG01352.pat	879152	772891	620283	0	27055	45943	1	AMR	2345323
HG01358.mat	241025	296936	874307	0	39891	30587	2	AMR	1482745
HG01457.mat	542892	794440	982549	1693	162157	36556	4	AMR	2520286
HG01457.pat	704992	699668	422243	1706	29090	34744	1	AMR	1892442
HG01505.mat	530961	801225	1068486	0	159603	36553	4	EUR	2596827
HG01505.pat	808802	726787	534367	1706	25689	42749	1	EUR	2140099
HG01573.mat	691980	983049	1014335	1697	140984	38032	4	AMR	2870076
HG01573.pat	689733	821676	950863	0	41232	3217	2	AMR	2506720
HG01596.mat	490364	734853	870488	0	116565	36854	4	EAS	2249123
HG01596.pat	941213	867803	457733	6824	25013	39401	1	EAS	2337986
HG01890.mat	366360	431151	911579	0	59046	30581	2	AFR	1798716
HG01890.pat	571501	799941	851797	3385	116866	36931	4	AFR	2380420
HG01891.mat	448567	836541	1018021	3389	109712	35042	4	AFR	2451271
HG01928.mat	490360	751107	844350	0	107385	35042	4	AMR	2228243
HG01978.mat	496356	742940	1036721	0	156211	33264	4	AMR	2465491
HG02004.mat	788521	798660	485750	3412	23475	38535	1	AMR	2138352
HG02004.pat	786122	767472	534360	8493	22107	38535	1	AMR	2157088
HG02011.mat	355564	310440	422067	76185	50424	27371	7	AFR	1242050
HG02011.pat	1001175	1130826	1006960	1693	46150	31949	2	AFR	3218752
HG02018.mat	529709	775544	661262	0	97220	38695	4	EAS	2102429
HG02018.pat	1041392	1111882	560492	3412	32450	41846	1	EAS	2791473
HG02055.pat	338845	527391	846233	1693	90549	34591	4	AFR	1839301
HG02059.mat	511921	600674	952763	0	83007	41325	2	EAS	2189689
HG02059.pat	752884	1018232	1169318	0	219815	35778	4	EAS	3196026
HG02071.mat	870824	730851	693165	3408	23146	47854	1	EAS	2369247
HG02106.mat	747031	882688	941542	0	51072	1872	2	AMR	2624204
HG02106.pat	999631	989859	519384	3403	32814	48782	1	AMR	2593872
HG02109.mat	796850	770160	461473	0	31481	36207	1	AFR	2096170
HG02109.pat	586988	565075	1010517	98194	143337	31453	3	AFR	2435563
HG02282.mat	530881	913776	898514	0	122946	35059	4	AFR	2501175
HG02282.pat	628908	757940	700613	0	37855	33065	2	AFR	2158380
HG02300.mat	479620	710460	924664	0	115522	36858	4	AMR	2267123
HG02492.mat	640614	816294	523145	1706	15470	39056	1	SAS	2036284
HG02492.pat	634707	919290	922798	6772	101463	36852	4	SAS	2621881
HG02554.mat	745573	724056	491379	1706	20923	42715	1	AFR	2026351
HG02554.pat	771958	1071466	594003	74487	63985	51365	3	AFR	2627263
HG02559.mat	544055	930092	599645	0	86996	33265	4	AFR	2194052
HG02587.mat	521411	599482	637025	1706	19521	44389	5	AFR	1823533
HG02587.pat	314982	290103	375399	52484	48060	27371	7	AFR	1108398
HG02615.mat	818539	1171795	534237	69408	70586	52584	3	AFR	2717148
HG02615.pat	656153	1003305	947072	0	112122	33250	4	AFR	2751901
HG02622.mat	781547	992940	435230	132034	79577	48590	3	AFR	2469917
HG02630.mat	289933	418919	855557	3386	77991	35133	4	AFR	1680918
HG02647.mat	287536	404004	631414	1693	72232	31455	4	AFR	1428333
HG02647.pat	548791	669852	752863	0	42949	35865	4	AFR	2050319
HG02666.mat	515577	631838	1003152	0	59235	30581	2	AFR	2240382
HG02666.pat	523865	652153	1036798	0	47530	32485	2	AFR	2292830
HG02717.pat	689670	930625	590282	106656	66703	42030	3	AFR	2425965
HG02723.pat	403254	795850	1236642	0	198404	45982	4	AFR	2680131
HG02769.mat	702702	1377482	1171191	1697	213313	38643	4	AFR	3505027
HG02769.pat	434306	501854	375553	1706	12899	44409	5	AFR	1370726
HG02809.pat	703831	718657	465211	1706	36362	33541	1	AFR	1959307
HG02818.mat	602669	683360	950862	0	73830	35601	2	AFR	2346321
HG02818.pat	460683	604664	724829	0	98712	34145	4	AFR	1923032
HG02886.pat	557184	781737	582831	101580	60426	42036	3	AFR	2125793
HG02953.mat	742274	851491	1062982	0	61277	33633	2	AFR	2751656
HG02953.pat	693256	931959	655653	132052	64656	42037	3	AFR	2519612
HG03009.mat	774206	793223	491378	0	23646	41935	1	SAS	2124387
HG03009.pat	1025909	931528	607204	1706	29931	41731	1	SAS	2638008
HG03065.mat	529839	595918	523008	104962	65289	33155	3	AFR	1852170
HG03098.mat	458134	829724	859322	0	114103	36852	4	AFR	2298134
HG03248.mat	516627	607638	562327	1706	21727	48115	5	AFR	1758139
HG03248.pat	640682	859720	1281463	1694	32960	49083	6	AFR	2865601
HG03371.mat	439058	991008	963920	0	41537	35612	4	AFR	2471134
HG03371.pat	69153	1687702	1227288	1699	38882	40684	4	AFR	3065407
HG03452.mat	711149	960423	620166	133743	65171	42040	3	AFR	2532691
HG03452.pat	592953	802689	1057260	1693	155687	38834	4	AFR	2649115
HG03453.pat	831709	981793	919189	1693	53110	13761	5	AFR	2801254
HG03456.mat	680132	614067	1156219	208236	190428	34178	7	AFR	2883259
HG03456.pat	786302	1037433	554722	103265	70736	269033	3	AFR	2821490
HG03486.mat	830466	1197536	541702	62636	70762	52587	3	AFR	2755688
HG03492.mat	423563	608766	778913	0	131797	37270	4	SAS	1980308
HG03516.mat	709958	923860	631377	142207	69586	39078	3	AFR	2516065
HG03520.mat	698011	941470	580946	126971	68736	42035	3	AFR	2458168
HG03520.pat	683810	780980	788320	0	61432	30581	2	AFR	2345122
HG03579.mat	753872	874563	665160	0	29964	40864	1	AFR	2364422
HG03579.pat	391337	919155	898507	0	33582	33812	4	AFR	2276392
HG03683.mat	944825	1007454	517527	6824	32695	42678	1	SAS	2552002
HG03683.pat	615782	732187	984460	1693	60091	36303	2	SAS	2430515
HG03732.mat	779085	1111800	1049803	1691	168962	36851	4	SAS	3148191
HG03732.pat	517776	862321	881714	0	103624	35047	4	SAS	2400481
HG03807.mat	520294	612882	1165706	0	53288	37336	2	SAS	2389505
HG03807.pat	656334	774206	1079787	5091	62820	39061	2	SAS	2617298
HG03927.mat	571509	828410	902219	0	145052	33267	4	SAS	2480456
HG04036.mat	829083	835258	405429	3412	18887	36097	1	SAS	2128165
HG04036.pat	363972	444736	1059245	0	68558	562910	2	SAS	2499420
HG04217.mat	564333	817582	973236	3395	161515	36855	4	SAS	2556915
HG04217.pat	953280	1271888	1488842	3388	36004	51567	6	SAS	3804968
HG04228.mat	703816	417617	500719	10236	26390	44490	1	SAS	1703267
HG04228.pat	300681	454175	861145	0	95173	36853	4	SAS	1748026
NA12329.mat	786094	771524	524976	1706	25490	40865	1	EUR	2150654
NA12329.pat	655013	1069744	988177	0	134001	36853	4	EUR	2883787
NA18534.mat	584494	489498	411036	1706	22811	46988	1	EAS	1556532
NA18534.pat	966269	981695	627771	3412	21099	40961	1	EAS	2641206
NA18906.pat	374639	553155	820095	1693	89202	33269	4	AFR	1872052
NA18939.mat	820722	865067	513811	0	26028	39996	1	EAS	2265623
NA18939.pat	1023542	1041366	627753	1706	27212	47945	1	EAS	2769523
NA18989.mat	372248	592471	990072	0	95851	38662	4	EAS	2089303
NA18989.pat	367479	558586	934017	0	87020	36852	4	EAS	1983953
NA19036.mat	336449	437651	551109	142211	66680	31452	7	AFR	1565551
NA19036.pat	646650	1104954	948995	1697	140399	36872	4	AFR	2879566
NA19129.mat	424734	778204	786465	0	111589	36853	4	AFR	2137844
NA19129.pat	544065	980298	889227	0	118219	36853	4	AFR	2568661
NA19238.mat	496319	893483	610850	0	93438	33264	4	AFR	2127353
NA19238.pat	707569	953679	622034	135435	68226	43228	3	AFR	2530170
NA19239.mat	649044	958592	861148	3390	96008	36872	4	AFR	2605053
NA19239.pat	415202	658904	820062	1693	80032	33271	4	AFR	2009163
NA19317.mat	974892	1331223	627599	132047	57846	42035	3	AFR	3165641
NA19317.pat	744452	1233792	1453316	3394	185521	40444	4	AFR	3660918
NA19331.mat	344806	545008	784579	1693	82580	33265	4	AFR	1791930
NA19331.pat	377036	566709	870501	1693	93257	33268	4	AFR	1942463
NA19347.mat	431957	485398	881682	0	45318	30587	2	AFR	1874941
NA19347.pat	798246	1141917	594003	91414	66860	53941	3	AFR	2746380
NA19384.mat	811304	1419482	1148792	0	131626	37575	4	AFR	3548778
NA19384.pat	411634	486740	1236631	0	30229	50612	6	AFR	2215845
NA19434.mat	454514	456954	1867918	3404	38427	63216	4	AFR	2884432
NA19434.pat	244636	295581	1027461	0	45485	44901	2	AFR	1658063
NA19650.mat	1041388	965442	597884	3412	36257	57589	1	AMR	2701971
NA19650.pat	870798	787820	450269	1706	27738	34742	1	AMR	2173072
NA19705.mat	755277	1063362	575329	74487	65853	51367	3	AFR	2585674
NA19705.pat	317373	481290	863047	1693	89534	33265	4	AFR	1786201
NA19836.mat	628654	368825	515641	3412	27546	40251	4	AFR	1584328
NA19836.pat	793411	1374733	1217917	0	130099	37575	4	AFR	3553734
NA19983.mat	544031	1211986	967591	0	41523	36953	4	AFR	2802083
NA19983.pat	589467	677941	696812	1699	48883	30584	2	AFR	2045385
NA20355.mat	566735	678187	575404	1706	19521	48099	5	AFR	1889651
NA20509.mat	800450	813565	663277	5118	35870	38338	1	EUR	2356617
NA20509.pat	214765	311824	853682	0	86018	38690	4	EUR	1504978
NA20847.mat	504691	751092	891047	0	106699	38652	4	SAS	2292180
NA20847.pat	521444	577635	700606	0	43258	30584	2	SAS	1873526
NA21487.mat	495165	601818	373593	89725	65343	37736	7	AFR	1663379
NA21487.pat	365155	459633	1001361	0	63317	36240	2	AFR	1925705
